 0.00000000e+00   0.00000000e+00  -3.09290328e+00   4.03034291e-01
   -4.85512771e-01   0.00000000e+00   1.07759612e+00   4.62911261e-01
   -4.63123624e-01  -1.52690758e+00   0.00000000e+00   2.13509815e-01
    2.63969663e+00   4.62449534e-01  -8.99398910e-01  -4.67933729e-01
   -1.28904639e+00   6.39626694e-01  -8.78369334e-02   1.27373325e+00
    1.20518273e-01  -6.94187549e-01   7.76052296e-01  -2.07463001e-01
    5.74543555e-01  -3.33500404e-01   2.02848111e+00   6.23907734e-01
    2.72688179e+00   1.58781539e+00   0.00000000e+00   7.74976130e-01
    8.03794836e-02  -6.49653008e-01  -3.80151123e-01   1.13477831e+00
   -1.14580959e+00   0.00000000e+00   2.39295939e+00  -1.06294460e+00
    2.36650068e+00  -9.03286120e-01   5.45453466e-01   1.84862942e-01
    4.11176091e-01  -5.07017002e-01  -2.13198265e+00   0.00000000e+00
   -2.14769165e-01   1.07127203e+00   1.53557108e+00   1.22492720e+00
   -9.03676912e-01   3.06879273e+00   5.25489083e-01   1.60695289e+00
   -7.60318880e-01  -2.10675309e-01   2.88754365e-01   3.84664397e-01
   -1.00232512e+00   0.00000000e+00  -1.42190467e+00   0.00000000e+00
    8.27328775e-01   1.87018989e+00  -9.41507140e-02   5.92312727e-01
   -1.16787510e-03  -1.18648277e+00  -7.32231972e-01   7.22215230e-01
    3.21260301e-01  -1.05325581e+00  -1.69912347e+00   0.00000000e+00
   -1.90030919e+00  -1.74489019e-03  -9.84070538e-01   2.13197412e+00
   -3.73216834e-01  -9.77972263e-01   7.32112451e-01   0.00000000e+00
    0.00000000e+00  -5.55143156e-01  -1.59068602e+00  -1.08547787e-01
   -1.72206986e+00  -9.62308723e-01  -5.46955154e-01   2.93225404e-01
    1.51747762e+00   0.00000000e+00   0.00000000e+00   8.81004046e-01
   -1.05729920e+00  -1.07919779e+00  -7.59484978e-01  -4.20488491e-01
    8.41367507e-01   6.40351028e-01   1.49113406e+00   2.79905637e-01
   -3.30855251e-01   0.00000000e+00  -1.23760925e-02  -9.61011616e-01
    1.11659701e-01   0.00000000e+00   7.66571282e-02  -4.18261337e-01
    4.95782332e-01   1.15139860e+00  -9.49791525e-01   0.00000000e+00
    1.35399297e-02   1.18330268e+00  -1.07920477e+00   2.86252752e-01
    9.01276944e-01  -1.50556426e-01  -4.68674577e-01  -8.52072343e-01
    1.58991165e-01  -3.64008713e-01   0.00000000e+00  -2.25700126e+00
    1.26566803e+00  -1.83677016e+00   6.02350363e-01   0.00000000e+00
   -2.48372303e+00  -5.97203503e-01   0.00000000e+00   0.00000000e+00
    2.44554630e+00  -1.72402459e-02   9.32793506e-01   0.00000000e+00
   -1.26229381e+00  -2.90973660e-01   4.13738961e-01   1.45563963e+00
    0.00000000e+00  -3.31032620e-01  -1.97229637e+00  -6.29762506e-01
    1.13809298e+00   1.96026066e-01   8.70747080e-01   0.00000000e+00
   -4.52916243e-01  -1.64199192e+00   6.93354329e-01   4.97656506e-01
   -2.00013912e-01  -1.07369030e-01  -7.31327179e-01   3.77716622e-01
   -1.93646008e+00   1.78526493e-01  -2.26707251e+00  -1.78496115e+00
    0.00000000e+00  -9.36022752e-01  -3.55722876e-01   1.62283928e-01
    2.88860343e-01  -8.65850875e-01   8.51411595e-01   0.00000000e+00
   -2.55749476e+00   2.65157641e-01  -2.88662474e+00   1.04318821e+00
   -5.32831392e-01   9.81156796e-03   2.54323628e-01   1.21928838e-01
    2.52422062e+00   0.00000000e+00   5.52310063e-01  -1.30629126e+00
   -1.53455121e+00  -1.52310888e+00   1.22769799e+00  -2.59667377e+00
   -9.02686654e-01  -1.82950341e+00   8.15516718e-01   3.61752822e-01
   -6.02206751e-01  -7.21014389e-01   1.87690383e-01   3.90000430e-01
    1.93518636e+00   0.00000000e+00  -9.49791525e-01  -2.30288875e+00
    1.44425408e-01  -9.20451496e-01  -8.47750750e-02   8.29724822e-01
    1.08131766e+00   0.00000000e+00  -7.55119370e-01   8.52967566e-01
    1.35730658e+00   0.00000000e+00   1.80445654e+00   2.27183571e-03
    1.08838372e+00  -1.84515696e+00   9.07584951e-01   1.07452214e+00
   -1.02802145e+00   0.00000000e+00   0.00000000e+00   6.76987881e-01
    1.81342576e+00   4.19442263e-01   1.80156286e+00   1.13089082e+00
    6.60194187e-01  -3.98168886e-01  -1.39159595e+00   0.00000000e+00
    8.76598821e-01  -6.58165704e-01   8.90497273e-01   9.63025840e-01
    4.29655960e-01   2.51228155e-02  -7.85309752e-01  -6.59656781e-01
   -1.16871005e+00   3.11515597e-01   5.97308062e-01   0.00000000e+00
    1.28891155e-02   5.89929251e-01  -5.57331105e-02   0.00000000e+00
   -2.46021828e-01   0.00000000e+00  -4.07552325e-01  -1.01135161e+00
    8.27328775e-01   0.00000000e+00   2.69705305e-01  -1.54469433e-01
    7.92825761e-01  -3.00381361e-01  -1.30556194e-01  -1.12863569e-01
    2.38215544e-01   6.73453863e-01  -1.83654550e-01   3.93325782e-01
    0.00000000e+00   2.24685736e+00  -1.12371997e+00   1.50635146e+00
    8.22198344e-02   0.00000000e+00   2.17284866e+00   9.01350963e-01